59
32768 5000
4500 5000
5300 5500
5600 5900
6000 6700
6000 8400
5600 9400
5300 9800
4500 10200
5300 10800
5600 11200
6000 12100
6000 13100
5600 14100
5300 14500
4400 15000
0 15000
33868 15000
1100 5000
34168 5000
1400 15000
34468 15000
1700 5000
34168 10200
4500 10200
5100 9800
4100 10200
4700 9800
5000 9400
5300 8400
5300 6800
5000 6000
4700 5500
4100 5000
5100 5600
37268 5000
5100 5600
5300 6000
5600 6800
5600 8400
5300 9400
5100 9800
37268 10200
5100 10800
5300 11200
5600 12100
5600 13100
5300 14100
5000 14500
4400 15000
37768 14500
4100 15000
4700 14500
5100 14100
5300 13000
5300 12100
5000 11200
4800 10900
4100 10200
5100 10800
