65
35668 5000
2500 5000
1700 5400
2900 5000
2100 5500
1300 6400
800 7800
800 8700
1200 10100
2041 11061
2900 11600
1641 11105
2500 11600
1300 11200
400 10100
0 8700
0 7800
400 6300
1200 5400
2500 5000
34468 5400
900 6300
400 7800
400 8700
800 10100
1641 11105
35268 11600
4400 11600
5100 11200
5600 10100
5600 9700
5100 10600
4700 11100
3900 11600
37468 11100
5200 10000
5200 8700
38368 9700
5600 8700
38768 8700
400 8700
35668 5000
3800 5000
5100 5400
5800 6300
38168 6300
4700 5400
3400 5000
38768 8700
6000 9700
5500 10700
5100 11200
36618 12800
4150 13100
4450 13800
4450 14600
4150 15000
3850 14600
4150 14200
36618 14200
3550 14600
3850 15000
4150 14600
4150 13800
3850 13100
3550 12800
