50
36168 1800
6000 1800
37768 1800
5000 11600
37468 11600
4700 1800
37168 1800
4400 11600
37468 10300
3900 11300
3200 11600
3666 11113
4400 10195
36434 11113
2900 11600
3200 11600
35668 11600
2100 11600
1443 11024
2400 11600
1685 10847
944 9828
600 8710
600 7984
944 6781
1669 5875
2400 5000
1434 5687
2100 5000
1200 5500
400 6500
0 7900
0 8800
400 10100
1200 11200
2100 11600
34211 11024
672 9964
300 8755
300 7942
672 6640
1434 5687
34868 5000
3200 5000
3666 5587
2900 5000
35968 5000
3900 5400
4700 6400
37168 6505
3666 5587
