115
34568 5000
1600 5000
600 4700
0 3700
0 3200
500 2300
1600 1800
4400 1800
5400 2300
6000 3200
6000 3700
5400 4700
4400 5000
1800 5000
900 4700
300 3700
300 3200
800 2300
1800 1800
36968 1800
5100 2300
5700 3200
5700 3700
5529 3986
5150 4300
4300 4700
4500 4700
5550 4250
5828 3986
38297 3986
5100 4700
4150 5000
37068 4700
2400 4700
1200 5200
800 6000
1184 5573
2406 5000
34857 5000
847 5549
500 6000
900 5100
2000 4700
2400 4700
33268 6000
500 6500
900 7400
1389 7889
1700 7500
1300 8400
1300 8800
1700 7900
2000 7500
2900 7000
2600 7000
1700 7500
34157 7889
1300 8000
1000 8800
1000 9800
1300 10900
1700 11300
1300 10300
1300 8800
34068 9900
1600 10700
1900 11200
1600 10300
1600 8400
2000 7500
35668 7000
3700 7000
4600 7500
5000 8400
5000 8800
4600 7900
4300 7500
3400 7000
37068 7500
4700 8400
4700 10300
4400 11200
4700 10700
5000 9900
5000 8800
37368 7500
5000 8000
5300 8800
5300 9800
5000 10900
5300 11300
6000 11700
6000 11300
5700 11300
5700 11700
5100 11300
5700 11300
37868 11300
4700 10700
37768 9900
5000 10300
4600 11300
5000 10900
37368 11300
3700 11800
3400 11800
4400 11200
36168 11800
2600 11800
1700 11300
34668 11200
2900 11800
34468 7900
1200 7400
800 6500
800 6000
