76
32768 4606
720 5586
34018 5800
0 4100
33140 4100
1092 5079
34968 5000
1400 5500
2400 5000
1600 5600
1187 6586
900 7544
900 8256
1187 9214
1600 10100
2500 10700
1400 10200
2300 10700
1200 10300
613 9386
300 8344
300 7456
613 6414
1200 5400
2200 5000
34168 5500
900 6500
600 7500
600 8300
900 9300
1400 10200
33863 10638
375 11600
32768 11600
1250 9930
33488 10137
0 11099
35068 10700
3800 10700
4600 10200
3600 10700
4400 10100
4813 9114
5100 8156
5100 7444
4813 6486
4400 5600
3500 5000
4600 5500
3700 5000
4800 5400
5387 6314
5700 7356
5700 8244
5387 9286
4800 10300
3800 10700
37676 10621
5628 11600
38768 11600
4750 9900
38048 10114
6000 11094
37368 10200
5100 9200
5400 8200
5400 7400
5100 6400
4600 5500
37673 5062
5625 4100
38768 4100
4750 5770
38048 5563
6000 4601
36468 5000
2200 5000
