69
33068 6400
300 5000
600 6400
300 7800
300 6400
0 7800
0 5000
300 6400
1000 5400
2300 5000
2700 5000
1400 5500
600 6400
35468 5000
4100 5000
5200 5500
6000 6500
6000 8400
5323 9175
5700 8400
5700 6500
4800 5500
3700 5000
38468 8400
5000 9200
4100 9800
1500 10700
800 11200
300 11700
0 12600
0 13600
1000 14700
2300 15000
2800 15000
1200 14600
300 13600
300 12600
589 11726
916 11363
1593 10880
4190 9981
5111 9366
5323 9175
5084 9637
4405 10122
1720 11116
911 11521
589 11726
0 12600
33068 12600
1000 11700
1800 11300
4500 10300
5200 9800
5600 9200
6000 8400
38168 13650
5700 12300
5700 13650
6000 15000
6000 12300
5700 13650
5700 15000
5400 13650
4800 14500
3300 15000
35568 15000
3700 15000
5000 14600
5700 13650
