46
32768 11600
1600 11600
1600 6588
1875 5672
2300 5000
2100 5000
1587 5586
1300 6544
1300 11600
33768 11600
1000 6500
1300 5500
2100 5000
35068 5000
3200 5000
4100 5500
4800 6550
37268 6641
3850 5666
3000 5000
38768 5000
4500 5000
4500 11600
37568 11600
4800 5000
37868 5000
5100 11600
3400 11600
37068 14200
4600 14600
4300 15000
4000 14600
4300 14200
36768 14200
4300 14600
4000 15000
3700 14600
4000 14200
34768 14200
2300 14600
2000 15000
1700 14600
2000 14200
34468 14200
2000 14600
1700 15000
1400 14600
1700 14200
