81
33968 6550
1500 6950
1200 7350
900 6950
900 6544
1187 5586
2000 5000
1700 5000
900 5500
600 6500
600 6950
900 7350
1200 6950
900 6544
34768 5000
3300 5000
4200 5600
3100 5000
4000 5700
4713 6686
5013 7686
5400 9433
5400 11732
5400 12151
4915 13605
4300 14500
3500 15000
4500 14600
3700 15000
4700 14700
5485 13795
6000 12249
6000 9367
5587 7514
5287 6514
4400 5500
3300 5000
36968 5600
5000 6600
5300 7600
5700 9400
5700 12200
5200 13700
4500 14600
36468 15000
2300 15000
1800 14600
2500 15000
2050 14600
1268 13566
779 12589
600 12142
600 11742
988 10382
1700 9500
2900 8900
1500 9400
2600 8900
1300 9300
412 10218
0 11658
0 12258
226 12823
732 13834
1550 14600
2300 15000
34568 14600
1000 13700
500 12700
300 12200
300 11700
700 10300
1500 9400
35368 8900
3400 8900
4700 9400
5400 10300
5700 11700
38168 11732
5107 10363
4500 9500
3100 8900
