44
32768 15000
1700 15000
1700 5000
34168 5000
1400 15000
33868 15000
1100 5000
34168 6400
2100 5600
2900 5000
3900 5000
5000 5600
5600 6400
6000 7800
6000 8800
5600 10200
4900 11200
3900 11600
2900 11600
2100 11200
1400 10178
34467 10109
2500 11200
3200 11600
36668 11600
4500 11100
3500 11600
4200 11000
4900 10100
5200 8700
5200 7700
4900 6400
4200 5500
3500 5000
4500 5500
34468 6400
2400 5600
3100 5000
36668 5000
4500 5500
5200 6400
5600 7800
5600 8900
5200 10200
4500 11100
