83
34268 5000
800 5600
1800 5000
1200 5550
800 6550
800 7450
1200 8450
1800 8850
800 8300
1500 8900
400 8300
0 7400
0 6400
400 5500
1500 5000
3100 5000
3700 5450
4500 6500
36868 6400
3400 5500
2700 5000
33568 5600
400 6400
400 7400
800 8300
34268 8900
3700 9300
4100 9887
4100 10700
4500 9917
4100 9300
1800 8850
36868 9887
4100 6400
4600 5500
5200 5000
4900 5500
5400 5000
5200 5000
38768 5000
5400 5000
5200 5500
4900 6500
4900 9800
4499 10701
3999 11201
3299 11601
3100 11600
3700 11200
4100 10700
37668 5500
4500 6500
4499 10701
35868 11600
1499 11601
799 11301
399 10801
399 10301
1099 10301
1099 10701
33518 10300
750 10800
1200 11300
1747 11597
33968 14200
1500 14600
1200 15000
900 14600
1200 14200
34268 14200
1800 14600
1500 15000
1200 14600
1500 14200
36368 14200
3900 14600
3600 15000
3300 14600
3600 14200
36668 14200
4200 14600
3900 15000
3600 14600
3900 14200
