71
34280 5712
2400 5000
1300 5500
400 6400
0 7800
0 8800
400 10200
1300 11200
2400 11600
1523 10999
2600 11600
1746 10799
939 9902
600 8716
600 7884
934 6714
1724 5924
2600 5000
1512 5712
667 6557
300 7842
300 8758
669 10051
1523 10999
35168 11600
3700 11600
5000 11100
5700 10200
6000 8700
6000 7800
5700 6400
5000 5400
3600 5000
2400 5000
36368 5000
4754 5572
3400 5000
4508 5744
5139 6645
5400 7864
5400 8641
5139 9943
4526 10732
3500 11600
4763 10916
3700 11600
37531 10916
5420 10072
5700 8670
5700 7832
5419 6522
4754 5572
36968 14200
4500 14600
4200 15000
3900 14600
4200 14200
36668 14200
4200 14600
3900 15000
3600 14600
3900 14200
34868 14200
2400 14600
2100 15000
1800 14600
2100 14200
34568 14200
2100 14600
1800 15000
1500 14600
1800 14200
