67
34140 2354
2842 2942
3626 3824
3038 2746
2058 2354
35610 2942
3332 3824
3332 4599
2334 5782
1764 7299
1764 8114
2291 9063
3253 9481
4214 9900
3253 10319
2548 10880
3528 10488
4508 9900
3528 9312
2548 8920
3253 9481
35316 8920
2058 8038
2058 7352
2591 5933
3626 4706
2940 6078
2058 7352
36296 9312
2805 8777
2352 7962
2352 7444
3194 6228
3920 4775
3920 3824
3038 2746
36394 3824
3626 4706
36021 10319
2291 10737
1764 11686
1764 12501
2334 14018
3332 15201
3332 15976
2842 16858
3626 15976
3038 17054
3920 15976
3920 15025
3194 13572
2352 12356
2352 11838
2805 11023
3528 10488
35316 10880
2058 11762
2058 12448
2940 13722
3626 15094
2591 13867
2058 12448
36394 15094
3626 15976
35806 17054
2058 17446
34140 17446
2842 16858
