50
36268 5000
2400 5000
1600 5500
1100 6500
800 7900
800 15000
33868 15000
1100 7932
1385 6600
1868 5634
2400 5000
34636 5634
2700 5000
2137 5768
1671 6700
1400 7964
1400 15000
32768 15000
2200 15000
36568 15000
6000 15000
37868 15000
5100 8000
4800 6500
4200 5500
3500 5000
35968 5000
3943 5654
4516 6610
4800 8030
4800 15000
37368 16700
4900 17100
4600 17500
4300 17100
4600 16700
37068 16700
4600 17100
4300 17500
4000 17100
4300 16700
34468 16700
2000 17100
1700 17500
1400 17100
1700 16700
34168 16700
1700 17100
1400 17500
1100 17100
1400 16700
