79
32768 5000
0 6000
300 6458
1600 6458
3500 5408
3300 5400
1400 6458
3300 5000
3500 5000
1600 6458
33427 6458
300 5910
300 5000
36268 5000
5300 5000
5600 5400
6000 6400
6000 7300
38468 7300
5700 6458
5336 5548
4925 5000
37468 5400
5300 5900
5700 6458
38768 6400
5600 5900
5000 5400
3500 5408
32768 6000
0 6500
400 7900
1300 8800
2100 9500
3600 10200
5009 11284
5400 12164
5400 13051
5115 13905
4900 14500
3800 15000
5100 14600
4100 15000
5300 14700
5685 14095
6000 13149
6000 12036
5574 11078
4300 10200
2400 9400
3900 10200
2100 9500
35168 9400
1600 8800
670 7754
300 6458
300 5910
36668 10200
5300 11200
5700 12100
5700 13100
5400 14000
5100 14600
36868 15000
2000 15000
800 14600
300 14100
0 13100
0 12700
300 12300
600 12700
300 13056
33368 13100
900 12700
600 12300
300 12700
300 13056
587 14014
1000 14500
2300 15000
