51
38768 7300
5700 6400
5000 5500
3800 5000
2700 5000
1500 5400
900 6400
400 7400
0 8700
0 11200
400 12600
900 13600
1500 14600
2700 15000
3800 15000
4900 14500
5700 13500
6000 15000
6000 12100
5700 13500
38168 13500
5700 15000
5700 12100
5400 13500
4600 14500
3600 15000
35468 15000
1700 14500
2900 15000
1900 14400
1400 13500
1000 12500
600 11200
600 8700
1000 7500
1500 6400
2100 5500
3200 5000
1800 5500
2700 5000
36268 5000
4812 5747
5432 6544
5684 7300
34568 5500
1200 6400
700 7400
300 8700
300 11200
700 12500
1200 13600
1700 14500
