82
34368 5000
1400 5000
700 5500
1600 5000
979 5611
600 6558
600 7936
974 8778
1600 9800
700 8900
1388 10012
426 9022
0 8064
0 6442
421 5389
1400 5000
33468 5500
300 6500
300 8000
700 8900
34368 9800
2600 10800
3100 11700
3300 12600
3300 13500
3100 14600
2500 15000
1900 14600
1500 13700
1500 12700
1600 11600
1200 12700
1200 13700
1600 14700
2100 15000
2805 14546
3000 13473
3000 12633
2817 11808
2358 10982
1388 10012
33968 12700
1330 11469
4230 5469
5100 5000
4500 5600
5400 5000
4770 5731
1870 11731
1500 12700
34368 11600
4500 5600
37868 5000
5700 5000
6000 5500
6000 5900
38468 5900
5700 5500
5400 5000
34368 5000
2500 5000
3170 5470
4388 8008
4792 10326
5085 11205
5400 11800
5700 11300
5700 10900
5400 10500
5100 10900
5400 11300
38468 11300
5400 10900
5700 10500
6000 10900
6000 11300
5700 11800
5100 11800
4800 11300
4500 10400
4100 8100
2900 5600
2300 5000
