51
32768 1800
2600 1800
34368 1800
1600 11600
0 11600
33768 11600
1000 1800
34068 1800
1300 11600
34368 10195
2334 11113
3100 11600
2800 11600
2334 11113
34068 10300
2100 11300
2800 11600
3900 11600
4557 11024
3600 11600
4315 10847
5056 9828
5400 8710
5400 7984
5056 6781
4331 5875
3600 5000
4566 5687
3900 5000
3100 5000
2334 5587
2800 5000
3100 5000
35568 5000
2100 5400
1300 6400
34368 6505
2334 5587
36668 5000
4800 5500
5600 6500
6000 7900
6000 8800
5600 10100
4800 11200
3900 11600
37325 11024
5328 9964
5700 8755
5700 7942
5328 6640
4566 5687
