51
34280 5712
2400 5000
1300 5500
400 6400
0 7800
0 8800
400 10200
1300 11200
2400 11600
1523 10999
2600 11600
1746 10799
939 9902
600 8716
600 7884
934 6714
1724 5924
2600 5000
1512 5712
667 6557
300 7842
300 8758
669 10051
1523 10999
35168 11600
3700 11600
4763 10916
3500 11600
4526 10732
5139 9943
5400 8641
5400 7864
5139 6645
4508 5744
3400 5000
4754 5572
3600 5000
2400 5000
36368 5000
5000 5400
5700 6400
6000 7800
6000 8700
5700 10200
5000 11100
3700 11600
37531 10916
5420 10072
5700 8670
5700 7832
5419 6522
4754 5572
