45
38668 6300
5100 5400
3800 5000
2600 5000
1200 5500
500 6400
0 7700
0 8800
500 10200
1300 11100
2600 11600
4200 11600
5200 11100
6000 10200
6000 9700
5600 9250
5150 9700
5650 10200
38068 10200
4800 9700
5250 9200
5700 9700
5700 10200
4900 11000
3900 11600
35368 11600
1476 10846
2900 11600
1675 10618
1026 9888
600 8696
600 7811
1028 6698
1587 5980
2900 5000
1383 5753
2600 5000
36368 5000
5000 5600
5600 6300
34151 5753
764 6549
300 7756
300 8748
763 10044
1476 10846
