88
34768 5000
1800 5000
1100 5500
2000 5000
1350 5500
974 6122
600 6964
600 8400
950 9800
1300 10200
2000 10800
700 9900
1800 10800
504 10024
0 8400
0 6836
426 5878
850 5500
1800 5000
33868 5500
700 6000
300 6900
300 8400
700 9900
34568 10800
4200 10800
4900 11300
4000 10800
4626 11422
5000 12264
5000 13536
4626 14378
3950 15000
4900 14500
4200 15000
5174 14622
5600 13664
5600 12136
5174 11178
4200 10800
37668 11300
5300 12200
5300 13600
4900 14500
36968 15000
1800 15000
1100 14500
2050 15000
1374 14378
1000 13536
1000 12264
1374 11422
2000 10800
1100 11300
1800 10800
826 11178
400 12136
400 13664
826 14622
1800 15000
33868 14500
700 13600
700 12200
1100 11300
36768 10800
5300 9900
4200 10800
5492 9985
6000 8400
6000 6836
5574 5878
5150 5500
4200 5000
4900 5500
4000 5000
4650 5500
5026 6122
5400 6964
5400 8400
5050 9800
4700 10200
4000 10800
38068 9900
5700 8400
5700 6900
5300 6000
4900 5500
36968 5000
2000 5000
