100
35268 5000
2700 5000
1650 5666
2500 5000
1400 5500
800 6400
400 7300
0 9300
0 10800
400 12700
800 13600
1500 14700
2600 15000
1753 14539
2800 15000
2006 14378
1330 13316
974 12514
600 10738
600 9359
975 7483
1328 6690
1899 5833
2700 5000
34418 5666
1064 6545
688 7391
300 9330
300 10769
687 12607
1065 13458
1753 14539
35368 15000
3500 15000
4247 14539
3300 15000
3994 14378
4677 13304
5123 12412
5400 10750
5400 9359
5027 7496
4683 6808
4008 5844
3400 5000
4254 5672
3600 5000
2700 5000
36368 5000
4500 5500
5200 6500
5600 7300
6000 9300
6000 10800
5700 12600
5200 13600
4500 14700
3500 15000
37015 14539
4939 13452
5412 12506
5700 10775
5700 9330
5314 7398
4942 6654
4254 5672
36568 6400
3500 7300
2800 7900
2000 7300
1700 6400
1700 6132
34168 6041
1400 6500
1700 7400
2500 7900
3100 7900
3900 7400
4300 6400
4500 3800
3800 6400
4200 3100
4500 2500
4800 2500
4500 3100
4500 3800
4900 3100
5700 3100
6000 3500
5700 2500
4800 2500
38168 2500
5700 3500
5700 4000
38768 4000
6000 3500
38468 3500
5300 3100
4900 3500
4700 4400
4300 6400
