66
33867 10701
1099 10301
750 10300
399 10301
399 10801
799 11301
1499 11601
1747 11597
1200 11300
750 10800
750 10300
34267 11601
3100 11600
3700 11200
4100 10700
4500 9917
4100 9300
1800 8850
1200 8450
800 7450
800 6550
1200 5550
1800 5000
800 5600
1500 5000
400 5500
0 6400
0 7400
400 8300
1500 8900
800 8300
1800 8850
36868 10700
4100 9887
3700 9300
1500 8900
33568 8300
400 7400
400 6400
800 5600
34268 5000
2700 5000
3400 5500
4100 6400
4100 9887
37268 10700
4500 6500
3700 5450
3100 5000
2700 5000
36868 6400
4600 5500
5200 5000
4900 5500
5400 5000
5200 5000
37668 5500
4500 6500
38768 5000
5400 5000
5200 5500
4900 6500
4900 9800
4500 10700
3999 11201
3299 11601
3100 11600
