53
35668 5000
3200 5400
2900 5800
2600 5400
2900 5000
35668 5400
3200 5000
3500 5400
3200 5800
2900 5400
35668 8300
2900 9600
3980 10200
4700 10600
4126 9938
4882 10358
5466 10941
5800 12056
5800 13058
5379 14111
4900 14600
4000 15000
4466 14313
3700 15000
4000 15000
4700 14500
5100 14000
5500 13000
5500 12100
5200 11100
4700 10600
36748 10200
4913 11186
5200 12144
5200 12942
4838 13847
4466 14313
36468 15000
1900 15000
1000 14500
500 14000
200 13100
200 12600
500 12200
800 12600
500 13000
33568 13000
1100 12600
800 12200
500 12600
500 13051
785 13905
1200 14400
2200 15000
