79
33368 7071
900 7471
600 7871
300 7471
300 7071
768 6134
1100 5600
2400 5000
2200 5000
900 5500
500 6000
0 7000
0 7471
300 7871
600 7471
300 7071
35168 5000
4200 5000
4900 5500
4000 5000
4650 5500
5026 6122
5400 6964
5400 8400
5050 9800
5700 8400
5300 9900
4900 10300
4200 10800
4000 10800
4700 10200
5050 9800
38068 9900
5550 9650
6000 8400
6000 6836
5574 5878
5150 5500
4200 5000
37668 5500
5300 6000
5700 6900
5700 8400
34968 10800
4000 10800
4900 11300
4200 10800
5174 11178
5600 12136
5600 13664
5174 14622
4200 15000
4900 14500
3950 15000
4626 14378
5000 13536
5000 12264
4626 11422
4000 10800
37668 11300
5300 12200
5300 13600
4900 14500
36968 15000
2200 15000
900 14500
500 14100
0 13100
0 12629
300 12229
600 12629
300 13029
33368 13029
900 12629
600 12229
300 12629
300 13029
768 13966
1150 14350
2450 15000
