45
37218 5000
5200 5000
5700 5500
6000 6400
6000 7400
5400 8300
4400 8300
3900 7900
3500 6900
3500 6000
4100 5000
4450 5000
3800 6083
3800 6842
4234 7927
4700 8300
37807 8300
5700 7309
5700 6449
5376 5476
4900 5000
33068 5000
6000 15000
38468 15000
0 5000
33718 11700
1700 11700
2200 12200
2500 13100
2500 14100
1900 15000
900 15000
400 14600
0 13600
0 12700
600 11700
950 11700
300 12783
300 13542
734 14627
1200 15000
34307 15000
2200 14009
2200 13149
1876 12176
1400 11700
