52
32768 5000
1500 5000
33768 5000
1000 11600
0 11600
33468 11600
700 5000
33168 5000
400 11600
33468 10301
1200 11200
1800 11600
1950 11600
1543 11200
1000 10224
34718 11600
2400 11600
3091 11173
3300 10337
3300 10236
3300 5000
35768 5000
3000 10300
2800 11100
2400 11600
35568 11100
2250 11600
2509 11027
2700 10263
2700 5000
34968 5000
3800 5000
37168 5000
6000 5000
38268 5000
5500 10230
5294 11259
4600 11600
5000 11200
4450 11600
4706 11141
4900 10170
4900 5000
37968 5000
5200 10200
5000 11200
37368 11600
4000 11600
3400 11200
3000 10300
36068 10236
3728 11200
4150 11600
