105
37518 6300
4543 5954
4000 5400
3200 5000
35468 5000
2000 5500
1262 6046
780 6914
494 7962
300 9223
300 10666
589 11921
882 12992
1368 13966
2100 14500
2800 15000
2500 15000
1800 14600
1100 14100
600 13100
300 12000
0 10700
0 9200
200 7900
500 6800
1000 5900
1700 5400
2400 5000
3500 5000
4300 5300
4800 5800
5100 6300
37968 7300
5700 8200
6000 9600
6000 10600
5800 12000
5600 13000
4900 14100
4300 14600
3600 15000
2800 15000
36068 15000
4000 14500
4647 13939
5317 12886
5506 11941
5700 10579
5700 9632
5416 8307
4857 7300
5200 7300
37625 7300
4700 7300
4200 7800
4400 7300
4700 7300
4500 7800
4500 8600
4706 12600
37173 12600
4200 8600
4200 7800
37168 7300
3900 7800
4200 8600
36671 8662
3619 7905
3000 7300
3300 7300
3900 7800
3903 8662
4105 12600
37168 11200
4100 12000
3600 12600
3300 12600
3819 11895
4119 11095
36068 12600
2800 12600
2290 12215
1900 11500
1700 10200
1700 8700
2025 7790
2500 7300
2325 7790
2000 8700
1997 10154
2197 11454
2800 12600
2500 12600
2290 12215
35268 12600
1990 12315
1603 11546
1403 10246
1400 8700
1725 7690
2200 7300
2025 7790
34968 7300
3000 7300
