64
35218 5000
1750 5400
2650 5000
1950 5500
1635 6095
1342 6974
950 9226
950 10681
1243 12928
1632 13997
2050 14500
2650 15000
1850 14600
2450 15000
1650 14700
1068 14203
657 13072
350 10719
350 9174
758 6826
1065 5905
1550 5300
2450 5000
34518 5400
1350 6000
1050 6900
650 9200
650 10700
950 13000
1350 14100
1850 14600
35218 15000
3550 15000
4150 14600
3350 15000
3950 14500
4368 13997
4757 12928
5050 10681
5050 9226
4658 6974
4365 6095
4050 5500
3350 5000
4250 5400
3550 5000
4450 5300
4935 5905
5242 6826
5650 9174
5650 10719
5343 13072
4932 14203
4350 14700
3550 15000
36918 14600
4650 14100
5050 13000
5350 10700
5350 9200
4950 6900
4650 6000
4250 5400
36318 5000
2450 5000
