46
35968 5000
3200 7353
3986 9809
5600 12100
6000 13500
6000 15000
5600 14100
5200 13600
4900 13600
5300 14100
5700 15000
5700 13542
5312 12182
3700 9900
5600 12100
38080 12182
3414 9991
2600 7447
2600 5000
35668 5000
2900 7400
3700 9900
37668 13600
4100 13600
2400 15000
4400 13600
2400 14600
2100 14600
4100 13600
35168 15000
1100 15000
300 14000
1100 14600
1420 15000
34868 14600
1100 14600
495 13844
1400 14600
33263 13844
300 13200
300 12200
32768 12200
0 15000
33068 15000
300 13200
32768 13200
300 14000
