53
37868 5000
5100 8800
37568 8800
4800 5000
37268 5000
4500 8800
38768 8800
3500 8800
37568 6400
4200 5500
3300 5000
3000 5000
3950 5666
4500 6491
35768 5000
2300 5000
1563 5644
2600 5000
1827 5787
1252 6840
600 8797
600 11103
1356 13370
1837 14332
2600 15000
1568 14466
2300 15000
1300 14600
800 13600
0 11200
0 8700
700 6600
1300 5500
2300 5000
34331 5644
976 6720
300 8749
300 11151
1078 13485
1568 14466
35068 15000
2900 15000
4059 14479
4499 13597
4800 12100
4800 15000
4499 13597
35668 15000
3200 15000
4300 14600
4800 13600
5100 12100
5100 15000
4800 13600
