56
33368 6864
900 7264
600 7664
300 7264
300 6864
667 6039
957 5554
2500 5000
2100 5000
700 5400
400 5900
0 6800
0 7264
300 7664
600 7264
300 6864
35268 5000
3700 5000
4400 5500
3300 5000
4176 5699
4937 6556
5400 7852
5400 8744
4937 9947
4068 11010
3400 11600
4300 11200
3800 11600
4532 11390
5463 10253
6000 8856
6000 7748
5463 6244
4624 5301
3700 5000
37168 5500
5200 6400
5700 7800
5700 8800
5200 10100
4300 11200
36568 11600
2100 11600
700 11100
0 10200
700 15000
5100 15000
3200 14500
2611 14500
4511 15000
35379 14500
627 14500
33771 15000
285 10078
937 10916
2500 11600
