79
34418 5666
2700 5000
1899 5833
1328 6690
975 7483
600 9359
600 10738
974 12514
1330 13316
2006 14378
2800 15000
1753 14539
1065 13458
687 12607
300 10769
300 9330
688 7391
1064 6545
1650 5666
2500 5000
1400 5500
800 6400
400 7300
0 9300
0 10800
400 12700
800 13600
1500 14700
2600 15000
3500 15000
4500 14700
5200 13600
5700 12600
6000 10800
6000 9300
5600 7300
5200 6500
4500 5500
3600 5000
2500 5000
37022 5672
3400 5000
4008 5844
4683 6808
5027 7496
5400 9359
5400 10750
5123 12412
4677 13304
3994 14378
3300 15000
4247 14539
4939 13452
5412 12506
5700 10775
5700 9330
5314 7398
4942 6654
4254 5672
3600 5000
36968 16000
4500 16400
4200 16800
3900 16400
4200 16000
36668 16000
4200 16400
3900 16800
3600 16400
3900 16000
34868 16000
2400 16400
2100 16800
1800 16400
2100 16000
34568 16000
2100 16400
1800 16800
1500 16400
1800 16000
