85
34268 5000
1800 5000
800 5600
1500 5000
400 5500
0 6400
0 7400
400 8300
1500 8900
800 8300
1800 8850
1200 8450
800 7450
800 6550
1200 5550
1800 5000
2700 5000
3400 5500
4100 6400
4600 5500
5200 5000
4900 5500
5400 5000
5200 5000
38768 5000
5400 5000
37668 5500
4500 6500
3700 5450
3100 5000
2700 5000
33568 5600
400 6400
400 7400
800 8300
34568 8850
4100 9300
4500 9917
4100 10700
3700 11200
3100 11600
3299 11601
3999 11201
4499 10701
4900 9800
4900 6500
5200 5500
5400 5000
37268 6500
4499 10701
36868 10700
4100 9887
3700 9300
1500 8900
36868 6400
4100 9887
35868 11600
1499 11601
799 11301
399 10801
399 10301
1099 10301
1099 10701
33518 10300
750 10800
1200 11300
1747 11597
35267 12999
2799 12999
3199 13499
3199 14599
2799 14999
2299 14999
35267 14999
2899 14599
2899 13499
2499 12999
2299 12999
1899 13499
1899 14599
2299 14999
1999 14999
1599 14599
1599 13499
1999 12999
2299 12999
