69
33068 5950
300 5000
600 5950
300 6900
300 5950
0 6900
0 5000
300 5950
800 5400
1900 5000
2778 5000
903 5682
600 5950
35546 5000
3661 5000
5138 5656
5700 6138
5700 7300
6000 7000
6000 6000
5300 5400
4400 5000
3661 5000
38468 7000
5364 7249
3983 7840
1677 8642
453 9199
0 9651
0 10238
300 9900
535 9381
1751 8828
4055 8027
5700 7300
5521 7616
4128 8213
1826 9014
717 9518
300 9900
300 10200
800 9700
1900 9200
4200 8400
5600 7800
6000 7300
6000 7000
38168 10700
5700 9800
5700 10700
6000 11600
6000 9800
5700 10700
5700 11600
5400 10700
5078 10926
3561 11600
4300 11600
5200 11200
5700 10700
36329 11600
1900 11600
800 11200
300 10700
300 10200
32768 10238
0 10824
588 11412
1200 11600
1900 11600
