81
36268 5000
2300 5000
1500 5400
2500 5000
1700 5500
1085 6395
600 7849
600 8268
893 9637
1500 10500
2900 11100
3400 11100
4500 10600
3100 11100
4300 10500
5012 9618
5400 8258
5400 7858
4732 6434
3950 5400
3500 5000
4200 5400
3700 5000
3500 5000
34268 5400
800 6300
300 7800
300 8300
600 9700
1300 10600
2600 11100
3100 11100
36168 11100
4700 10700
5588 9782
6000 8342
6000 7742
5268 6166
4450 5400
3700 5000
36968 5400
5000 6300
5700 7800
5700 8300
5300 9700
4500 10600
35068 5000
1300 5300
515 6205
0 7751
0 10633
413 12486
713 13486
1600 14500
2700 15000
1800 14400
2900 15000
2000 14300
1287 13314
993 12335
600 10567
600 8268
33068 8300
300 10600
700 12400
1000 13400
1800 14400
35468 15000
4300 15000
5100 14500
5400 13500
5400 13050
5100 12650
4800 13050
5100 13456
37568 13450
4500 13050
4800 12650
5100 13050
5100 13456
4813 14414
4000 15000
