84
33418 6400
650 5900
1550 5000
4750 5000
5950 6400
5950 8000
5350 8800
4350 8300
2050 8300
650 9400
2050 7900
4350 7900
5350 8400
5950 8000
38418 7900
5650 6511
4450 5400
4750 5400
5950 6400
38418 6511
4355 5000
37218 5400
1550 5400
650 5900
33818 6400
1050 5900
1950 5000
34618 5400
1050 5900
35228 7900
1025 9430
2350 8300
36783 7900
5033 8409
5650 7900
4975 8800
4050 8300
33793 9430
1025 11200
350 12100
350 13489
1645 15000
4450 15000
5350 14100
5350 13600
37718 13600
4950 14100
4150 14600
4450 14600
5350 14100
37718 14100
4050 15000
36918 14600
1250 14600
50 13600
1250 15000
1645 15000
34318 14600
350 13489
32818 13600
50 12000
650 11600
1650 12100
1985 12100
967 11591
350 12100
32818 12000
650 11200
650 9400
33418 11200
1650 11700
3950 11700
5350 10600
3950 12100
3540 12100
4975 10562
4975 8800
38118 8800
5350 10600
37743 10562
3650 11700
36308 12100
1985 12100
34718 11700
1025 11200
