64
32768 5000
2600 5000
34268 5000
1500 15000
33968 15000
1200 5000
33668 5000
900 15000
32768 15000
4200 15000
4943 14346
3900 15000
4686 14191
4932 13780
5100 12941
5100 12216
4752 11346
4563 10968
3800 10200
4832 10834
4100 10200
5100 10700
5300 11100
5700 12100
5700 13000
5500 14000
5200 14500
4200 15000
37711 14346
5216 13890
5400 12970
5400 12158
5026 11223
4832 10834
36868 10200
1500 10200
35668 10200
3500 9700
3800 9300
4500 6800
4700 5500
5100 5000
4800 5000
4400 5500
3800 8600
3500 9700
36068 10200
3800 9700
4100 9300
5000 6100
5300 5500
5700 6000
5700 6300
38768 6300
6000 6000
5600 5000
5100 5000
38068 5000
5700 6000
38768 6000
5600 5500
5100 5500
4800 6000
4500 6800
3800 9700
