76
35318 5000
1250 5500
450 6400
450 6800
750 7200
1050 6800
750 6400
33218 6400
750 6800
450 7200
150 6800
150 6400
850 5400
2150 5000
3950 5000
5050 5500
5850 6500
5850 8400
5450 9200
5050 9800
4350 10300
1950 11300
1150 11700
450 12600
739 11726
1061 11521
1870 11116
4255 10122
4934 9637
5173 9175
5550 8400
5550 6500
4650 5500
3550 5000
38318 8400
4850 9200
3950 9800
1650 10700
950 11200
450 11700
150 12600
150 13600
1150 14700
2450 15000
3850 15000
5150 14600
5850 13650
5850 13250
5550 12850
5250 13250
5550 13650
38018 13650
4950 13250
5250 12850
5550 13250
5550 13650
4950 14500
3450 15000
35718 15000
1350 14600
450 13600
450 12600
32918 12600
739 11726
1066 11363
1743 10880
4040 9981
4961 9366
5850 8400
36718 3200
3950 16800
36418 16800
3650 3200
35218 3200
2450 16800
34918 16800
2150 3200
